Problem     Optimum  Best flatzinc_pso    Best pso  Mean flatzinc_pso    Mean pso  Std flatzinc_pso   Std pso
models                                                                                                       
g01             -15            -14.995     -14.969            -14.860     -14.843             0.183     0.070
g02          -0.804             -0.511      -0.340             -0.322      -0.299             0.073     0.028
g03              -1             -0.962      -0.905             -0.937      -0.862             0.020     0.029
g04      -30665.386         -30665.949  -30665.430         -30664.124  -30660.281             1.512     3.380
g05        5126.496           5121.032    5118.069           5367.513    5372.860           285.068   319.008
g06       -6961.813          -6951.376   -6935.071          -6911.314   -6844.547            30.816    52.053
g07          24.306             36.051      38.072             44.937      48.062             7.464     4.760
g08           0.095             -0.096      -0.096             -0.096      -0.096             0.000     0.000
g09         680.630            685.572     687.479            689.040     692.258             2.833     3.442
g10        7049.248           8900.230    9112.369          11905.458   11685.390          2923.516  1236.485
g11           0.750              0.750       0.749              0.750       0.749                 0     0.000
g12              -1             -1.000      -1.000             -1.000      -1.000             0.000     0.000
p1           -1.393              1.392       1.999              1.392       1.999             0.000     0.000
p2        -6961.813          -6938.069   -6951.376          -6834.094   -6905.074            55.982    32.966
p6             -213           -211.501    -211.501           -211.501    -211.501             0.000     0.000
